Практическое занятие №4. Уравнение Лапласа методом конечных элементов.

Постановка задачи.
Рассматривается половина прямоугольной области с 11 узлами и 12 линейными треугольными элементами.
Граничные условия Дирихле заданы в узлах 1, 2, 3, 5, 9, 10, 11.

Координаты узлов: {1: (0.0, 0.0), 2: (0.5, 0.0), 3: (1.0, 0.0), 4: (0.5, 0.5), 5: (0.0, 1.0), 6: (0.5, 1.0), 7: (1.0, 1.0), 8: (0.5, 1.5), 9: (0.0, 2.0), 10: (0.5, 2.0), 11: (1.0, 2.0)}
Элементы: [(9, 8, 10), (10, 8, 11), (5, 8, 9), (7, 11, 8), (8, 5, 6), (8, 6, 7), (5, 4, 6), (6, 4, 7), (5, 1, 4), (7, 4, 3), (1, 2, 4), (2, 3, 4)]

Локальные матрицы теплопроводности для первых пяти элементов:
k1 = [[ 0.5 -0.  -0.5]
 [-0.   0.5 -0.5]
 [-0.5 -0.5  1. ]]
k2 = [[ 1.  -0.5 -0.5]
 [-0.5  0.5  0. ]
 [-0.5  0.   0.5]]
k3 = [[ 0.5 -0.5  0. ]
 [-0.5  1.  -0.5]
 [ 0.  -0.5  0.5]]
k4 = [[ 0.5  0.  -0.5]
 [ 0.   0.5 -0.5]
 [-0.5 -0.5  1. ]]
k5 = [[ 0.5  0.  -0.5]
 [ 0.   0.5 -0.5]
 [-0.5 -0.5  1. ]]

Глобальная матрица до корректировки:
[[ 1.  -0.5  0.  -0.5  0.   0.   0.   0.   0.   0.   0. ]
 [-0.5  2.  -0.5 -1.   0.   0.   0.   0.   0.   0.   0. ]
 [ 0.  -0.5  1.  -0.5  0.   0.   0.   0.   0.   0.   0. ]
 [-0.5 -1.  -0.5  4.  -0.5 -1.  -0.5  0.   0.   0.   0. ]
 [ 0.   0.   0.  -0.5  2.  -1.   0.  -0.5  0.   0.   0. ]
 [ 0.   0.   0.  -1.  -1.   4.  -1.  -1.   0.   0.   0. ]
 [ 0.   0.   0.  -0.5  0.  -1.   2.  -0.5  0.   0.   0. ]
 [ 0.   0.   0.   0.  -0.5 -1.  -0.5  4.  -0.5 -1.  -0.5]
 [ 0.   0.   0.   0.   0.   0.   0.  -0.5  1.  -0.5  0. ]
 [ 0.   0.   0.   0.   0.   0.   0.  -1.  -0.5  2.  -0.5]
 [ 0.   0.   0.   0.   0.   0.   0.  -0.5  0.  -0.5  1. ]]

Глобальная матрица после корректировки:
[[ 1.   0.   0.   0.   0.   0.   0.   0.   0.   0.   0. ]
 [ 0.   1.   0.   0.   0.   0.   0.   0.   0.   0.   0. ]
 [ 0.   0.   1.   0.   0.   0.   0.   0.   0.   0.   0. ]
 [ 0.   0.   0.   4.   0.  -1.  -0.5  0.   0.   0.   0. ]
 [ 0.   0.   0.   0.   1.   0.   0.   0.   0.   0.   0. ]
 [ 0.   0.   0.  -1.   0.   4.  -1.  -1.   0.   0.   0. ]
 [ 0.   0.   0.  -0.5  0.  -1.   2.  -0.5  0.   0.   0. ]
 [ 0.   0.   0.   0.   0.  -1.  -0.5  4.   0.   0.   0. ]
 [ 0.   0.   0.   0.   0.   0.   0.   0.   1.   0.   0. ]
 [ 0.   0.   0.   0.   0.   0.   0.   0.   0.   1.   0. ]
 [ 0.   0.   0.   0.   0.   0.   0.   0.   0.   0.   1. ]]

Вектор правой части после корректировки: [ 0.     0.     0.     0.     0.     0.     0.    36.213  0.    21.213
 30.   ]
Решение МКЭ: [ 0.      0.      0.      1.8106  0.      4.5266  5.4319 10.8639  0.
 21.213  30.    ]
Контрольное решение из методички: [ 0.     0.     0.     1.811  0.     4.527  5.432 10.864  0.    21.213
 30.   ]
Максимальное отклонение от контрольного решения МКЭ: 0.000375

Контрольная матрица МКР:
[[ 0.     0.     0.     0.     0.   ]
 [21.213 13.674  8.136  3.791  0.   ]
 [30.    19.337 11.506  5.361  0.   ]
 [21.213 13.674  8.136  3.791  0.   ]
 [ 0.     0.     0.     0.     0.   ]]
Линия 2, МКР (контроль): [21.213 13.674  8.136  3.791  0.   ]
Линия 2, МКЭ: [21.213  10.8639  4.5266  1.8106  0.    ]
Линия 3, МКР (контроль): [30.    19.337 11.506  5.361  0.   ]
Линия 3, МКЭ: [30.     17.716   5.4319  2.716   0.    ]
Максимальное расхождение МКР/МКЭ по линии 2: 3.609375
Максимальное расхождение МКР/МКЭ по линии 3: 6.074050

Выводы.
1. Сборка МКЭ по треугольным линейным элементам воспроизводит контрольное решение из методички.
2. После корректировки по граничным условиям ненулевые значения внутри области возникают только в узлах 4, 6, 7 и 8.
3. Сопоставление с контрольными данными МКР показывает ожидаемое различие между МКЭ и МКР на выбранных линиях сравнения.

Сохраненные графики:
C:\MTUCI\Семестр 4\МатМоделированиеСложныхСистем\Lab4\plots\fem_mesh.png
C:\MTUCI\Семестр 4\МатМоделированиеСложныхСистем\Lab4\plots\line2_comparison.png
C:\MTUCI\Семестр 4\МатМоделированиеСложныхСистем\Lab4\plots\line3_comparison.png
C:\MTUCI\Семестр 4\МатМоделированиеСложныхСистем\Lab4\plots\mkr_vs_mke.png
